1 0.112 0.1948853615520282 0.088 0.09347442680776014
1 0.114 0.32275132275132273 0.084 0.09523809523809523
1 0.11 0.44885361552028213 0.088 0.09347442680776014
1 0.105 0.5714285714285714 0.078 0.07760141093474426
1 0.108 0.701058201058201 0.08 0.08994708994708994
1 0.113 0.8289241622574955 0.08600000000000001 0.10229276895943562
1 0.556 0.19576719576719576 0.076 0.09171075837742504
1 0.553 0.3201058201058201 0.082 0.08994708994708994
1 0.553 0.4479717813051146 0.09 0.10582010582010581
1 0.558 0.5749559082892416 0.088 0.09876543209876543
1 0.553 0.7045855379188712 0.078 0.10052910052910052
1 0.555 0.8289241622574955 0.09 0.09523809523809523
