1 0.134 0.08437067773167359 0.156 0.13831258644536654
1 0.131 0.27800829875518673 0.17 0.1521438450899032
1 0.132 0.4806362378976487 0.16 0.1479944674965422
1 0.128 0.681881051175657 0.164 0.14107883817427386
1 0.126 0.8782849239280776 0.16 0.1438450899031812
1 0.619 0.8686030428769018 0.158 0.12448132780082988
1 0.614 0.673582295988935 0.16 0.13278008298755187
1 0.63 0.4764868603042877 0.176 0.1286307053941909
1 0.627 0.2849239280774551 0.182 0.16044260027662519
1 0.616 0.08713692946058092 0.168 0.14661134163208853
