1 0.152 0.08756684491978609 0.216 0.15641711229946523
1 0.139 0.2934491978609626 0.17400000000000002 0.14304812834224598
1 0.133 0.4866310160427807 0.19 0.1443850267379679
1 0.14300000000000002 0.6751336898395721 0.158 0.13903743315508021
1 0.131 0.8790106951871657 0.162 0.15641711229946523
1 0.631 0.09024064171122995 0.202 0.1537433155080214
1 0.626 0.28475935828877 0.152 0.14171122994652405
1 0.626 0.4692513368983957 0.17200000000000001 0.13101604278074866
1 0.619 0.6717914438502673 0.17 0.16443850267379678
1 0.627 0.8856951871657753 0.17400000000000002 0.16443850267379678
