1 0.132 0.1527027027027027 0.136 0.22432432432432434
1 0.322 0.15405405405405406 0.12 0.23243243243243245
1 0.518 0.15675675675675677 0.132 0.24864864864864866
1 0.712 0.1581081081081081 0.12 0.24594594594594596
1 0.917 0.1527027027027027 0.122 0.23513513513513515
1 0.904 0.6513513513513514 0.132 0.23243243243243245
1 0.712 0.6594594594594595 0.132 0.2594594594594595
1 0.526 0.6391891891891892 0.14400000000000002 0.22972972972972974
1 0.321 0.6513513513513514 0.146 0.2648648648648649
1 0.13 0.6567567567567568 0.152 0.24864864864864866
