1 0.095 0.07008670520231214 0.114 0.12572254335260116
1 0.091 0.2333815028901734 0.122 0.11127167630057803
1 0.08600000000000001 0.407514450867052 0.148 0.12427745664739884
1 0.093 0.5809248554913294 0.13 0.12427745664739884
1 0.105 0.741329479768786 0.154 0.12138728323699421
1 0.089 0.9089595375722543 0.11800000000000001 0.11849710982658959
1 0.594 0.9096820809248555 0.14 0.11705202312138728
1 0.591 0.7492774566473988 0.13 0.13439306358381503
1 0.591 0.5809248554913294 0.126 0.13583815028901733
1 0.59 0.4010115606936416 0.12 0.10260115606936415
1 0.59 0.23482658959537572 0.12 0.10549132947976878
1 0.588 0.06719653179190752 0.132 0.11705202312138728
