1 0.148 0.08914209115281502 0.17200000000000001 0.14075067024128687
1 0.14300000000000002 0.2915549597855228 0.166 0.14343163538873996
1 0.129 0.48525469168900803 0.162 0.13941018766756033
1 0.14100000000000001 0.6910187667560321 0.166 0.14075067024128687
1 0.146 0.8793565683646113 0.17200000000000001 0.13672922252010725
1 0.62 0.878686327077748 0.156 0.14075067024128687
1 0.619 0.6849865951742627 0.162 0.13941018766756033
1 0.618 0.48056300268096513 0.14 0.13002680965147453
1 0.606 0.2855227882037534 0.176 0.14745308310991959
1 0.627 0.07841823056300268 0.146 0.14075067024128687
