1 0.876 0.034156015866020274 0.184 0.05244601145879242
1 0.869 0.10070515645658881 0.186 0.05332745702952843
1 0.86 0.15711767298369325 0.124 0.038342882327016305
1 0.861 0.22498898193036582 0.126 0.038342882327016305
1 0.858 0.29286029087703835 0.128 0.0374614367562803
1 0.86 0.35654473336271486 0.10400000000000001 0.03437637725870427
1 0.847 0.4250771264874394 0.106 0.035698545614808286
1 0.861 0.494931687968268 0.158 0.044072278536800354
1 0.847 0.5619215513442045 0.11 0.03790215954164831
1 0.853 0.6311150286469811 0.162 0.040546496253856326
1 0.851 0.7005288673424416 0.114 0.03922432789775231
1 0.856 0.7615689731159101 0.148 0.041427941824592335
1 0.869 0.8325253415601587 0.138 0.04230938739532834
1 0.87 0.9026002644336713 0.17200000000000001 0.054649625385632436
1 0.849 0.9645218157778758 0.178 0.038342882327016305
