1 0.268 0.04972956730769231 0.248 0.05679086538461539
1 0.193 0.1817908653846154 0.266 0.05228365384615385
1 0.177 0.26427283653846156 0.25 0.04537259615384616
1 0.212 0.3536658653846154 0.264 0.04807692307692308
1 0.191 0.4376502403846154 0.25 0.04417067307692308
1 0.181 0.5228365384615384 0.242 0.04387019230769231
1 0.184 0.6105769230769231 0.228 0.046274038461538464
1 0.188 0.7020733173076924 0.2 0.048978365384615384
1 0.189 0.7884615384615385 0.266 0.05228365384615385
1 0.184 0.8743990384615385 0.256 0.04807692307692308
1 0.189 0.9564302884615385 0.21 0.04747596153846154
