1 0.138 0.08254397834912044 0.152 0.13802435723951287
1 0.145 0.27604871447902574 0.17 0.12719891745602166
1 0.14200000000000002 0.4600811907983762 0.16 0.12449255751014886
1 0.14400000000000002 0.6556156968876861 0.184 0.13937753721244928
1 0.145 0.871447902571042 0.166 0.14884979702300408
1 0.619 0.868064952638701 0.178 0.14208389715832206
1 0.624 0.6569688768606226 0.176 0.14208389715832206
1 0.626 0.46346414073071723 0.164 0.12855209742895807
1 0.622 0.27875507442489855 0.156 0.13531799729364005
1 0.619 0.08592692828146144 0.166 0.14208389715832206
