1 0.137 0.09387483355525966 0.162 0.1344873501997337
1 0.129 0.27496671105193077 0.15 0.1211717709720373
1 0.132 0.4786950732356858 0.136 0.1211717709720373
1 0.14200000000000002 0.6750998668442078 0.176 0.1411451398135819
1 0.125 0.8774966711051931 0.166 0.14380825565912117
1 0.62 0.8761651131824235 0.18 0.14913448735019974
1 0.632 0.6764314247669774 0.18 0.151797603195739
1 0.614 0.4673768308921438 0.164 0.1304926764314248
1 0.618 0.27696404793608526 0.16 0.13581890812250333
1 0.625 0.08854860186418109 0.166 0.13981358189081225
