1 0.12 0.08312655086848635 0.148 0.12655086848635236
1 0.113 0.2878411910669975 0.158 0.14392059553349876
1 0.127 0.49503722084367247 0.17 0.12655086848635236
1 0.121 0.6817617866004962 0.134 0.12531017369727046
1 0.114 0.9007444168734491 0.14400000000000002 0.141439205955335
1 0.62 0.8957816377171216 0.136 0.12655086848635236
1 0.634 0.6929280397022333 0.152 0.12531017369727046
1 0.628 0.4913151364764268 0.168 0.13399503722084366
1 0.63 0.2853598014888337 0.148 0.12406947890818859
1 0.623 0.08250620347394541 0.146 0.12531017369727046
